name	registration_no
LPP PATHIRATHNA FILLING STATION	PV00293779
